@2@#安排${(0,12,29)(0,14,5)(1,15,70)}
#按${(1,12,12)(1,16,17)}
#按时${(0,14,63)}
#办公室${(0,1,2)(0,11,1)(0,11,29)(0,12,14)(0,12,17)(0,12,22)(0,12,30)(1,4,1)(1,8,59)}
#帮助${(1,2,30)(1,15,40)}
#保${(0,14,8)}
#保存${(0,4,22)(1,8,61)}
#保质${(0,14,7)}
#报名${(1,8,11)}
#本${(0,12,56)(1,8,24)(1,13,15)}
#本部${(1,15,90)}
#本着${(1,4,2)}
#必要${(0,13,10)}
#编排${(0,2,17)}
#表${(0,2,19)(1,8,55)(1,17,33)(1,21,28)}
#表现${(1,10,4)(1,17,14)(1,18,7)}
#并${(0,3,13)(0,11,42)(0,12,48)(0,12,78)(0,13,24)(1,8,56)}
#不${(0,14,31)(0,14,33)(0,14,35)(0,14,48)(1,13,11)(1,15,54)(1,21,31)}
#不同${(1,2,43)(1,13,24)(1,20,16)(1,20,40)}
#不足${(1,2,65)}
#部${(0,13,38)(1,8,29)}
#部门${(0,2,14)(0,4,13)(0,11,34)(0,12,36)(0,12,42)(0,12,57)(0,12,65)(0,12,86)(0,13,6)(0,13,19)(0,13,34)(0,13,41)(0,13,47)(0,13,55)(1,2,11)(1,3,12)(1,3,38)(1,8,6)(1,8,25)(1,8,36)(1,9,27)(1,13,6)(1,13,16)(1,13,20)(1,14,5)(1,14,16)(1,14,28)(1,15,9)(1,15,15)(1,15,35)(1,15,45)(1,15,52)(1,15,79)(1,15,100)(1,17,6)(1,20,4)(1,20,12)(1,20,17)(1,20,24)(1,20,41)(1,20,44)(1,21,4)}
#部长${(0,11,3)(0,11,14)(0,12,1)(0,12,82)(0,13,2)(0,13,4)(0,13,14)(0,14,74)(1,8,42)(1,8,45)(1,14,19)(1,14,24)(1,17,7)(1,19,2)(1,20,5)(1,20,8)(1,21,5)(1,21,8)}
#财务${(0,4,25)}
#采取${(0,11,2)(0,14,41)}
#参加${(1,21,15)}
#参与${(1,4,19)(1,9,2)(1,13,26)(1,15,7)}
#参照${(1,17,15)}
#策划${(0,8,8)(0,9,2)}
#层层${(0,14,42)}
#成立${(0,11,38)}
#成员${(0,12,37)(0,14,78)(1,2,21)(1,2,27)(1,2,32)(1,2,52)(1,3,5)(1,3,39)(1,4,12)(1,13,17)(1,13,32)(1,15,37)(1,16,7)}
#成长${(1,15,65)}
#承担${(0,9,7)}
#充分${(1,20,50)}
#筹备${(0,13,23)}
#出色${(1,3,27)}
#出现${(0,11,9)}
#除${(1,14,11)}
#处理${(0,14,21)}
#传${(0,2,2)}
#创新${(0,14,27)}
#次${(0,3,3)(0,12,70)}
#促进${(0,13,37)(1,2,49)(1,4,3)}
#达到${(1,20,23)}
#打下${(1,3,66)}
#大${(0,2,22)(1,2,67)(1,15,29)}
#大家${(1,2,58)}
#大局${(0,12,8)}
#大学生${(1,2,5)(1,8,1)(1,8,15)(1,8,48)(1,17,26)}
#待${(1,15,93)}
#当${(0,11,25)(1,15,75)}
#到${(1,2,60)(1,15,98)}
#得到${(1,13,33)}
#的${(0,2,8)(0,2,15)(0,3,7)(0,3,11)(0,4,8)(0,4,15)(0,4,28)(0,6,15)(0,8,4)(0,9,9)(0,11,20)(0,11,23)(0,11,51)(0,12,9)(0,12,38)(0,14,45)(0,14,83)(1,2,22)(1,2,28)(1,2,38)(1,2,44)(1,2,54)(1,2,62)(1,2,72)(1,3,13)(1,3,19)(1,3,55)(1,3,64)(1,3,69)(1,4,8)(1,4,14)(1,8,12)(1,8,37)(1,9,5)(1,9,13)(1,9,19)(1,9,30)(1,13,9)(1,13,18)(1,15,10)(1,15,16)(1,15,22)(1,15,53)(1,15,72)(1,16,14)(1,17,12)(1,18,6)(1,20,13)(1,20,18)(1,20,30)(1,20,46)(1,20,53)}
#地${(0,14,10)(1,2,69)(1,3,8)(1,3,24)(1,3,28)}
#定期${(0,12,44)}
#独当一面${(1,4,13)}
#短${(1,15,61)}
#锻炼${(1,2,34)(1,13,34)}
#对${(0,4,11)(0,5,7)(0,11,48)(1,17,18)}
#多${(0,14,71)(1,13,13)(1,13,31)}
#二${(0,10,1)(1,5,1)}
#发布${(0,3,15)}
#发挥${(0,12,2)(1,15,31)}
#发现${(0,14,39)}
#发展${(1,3,65)(1,4,7)}
#反馈${(0,12,50)(1,21,27)}
#方法${(1,11,4)}
#方式${(0,14,46)(1,8,13)(1,20,22)}
#飞${(0,6,10)}
#分类${(0,4,19)}
#氛围${(0,12,25)}
#风采${(1,20,45)}
#风格${(1,20,20)}
#服从${(0,14,3)}
#服务${(0,2,6)(1,2,7)(1,3,53)(1,8,3)(1,8,17)(1,8,50)(1,17,28)}
#负责${(0,3,1)(0,4,1)(0,5,6)(0,6,1)(0,6,13)(0,7,1)(0,8,1)(0,8,7)(0,9,1)(0,11,17)(0,11,53)(0,12,12)(0,12,20)(0,12,27)(0,12,40)(0,12,53)(0,13,21)(0,13,31)(0,13,44)(0,13,53)}
#负责人${(0,11,47)(0,11,55)(1,8,26)(1,8,60)}
#副${(0,13,1)(1,8,44)(1,20,7)(1,21,7)}
#该${(0,11,18)(0,11,54)}
#感${(1,15,56)}
#干${(0,11,21)(0,14,1)}
#干事${(0,13,17)(0,13,26)(1,4,4)(1,8,38)}
#岗位${(1,14,10)(1,14,13)}
#高效${(0,14,6)}
#搞好${(0,14,51)}
#个${(1,14,8)}
#个人${(0,11,12)(1,15,26)(1,15,32)(1,21,11)}
#各${(0,2,13)(0,4,12)(0,11,32)(0,14,73)(1,2,10)(1,3,11)(1,3,37)(1,8,5)(1,8,28)(1,13,19)(1,20,3)(1,21,3)}
#各项${(0,2,9)(0,12,33)(1,3,30)(1,15,11)(1,15,17)}
#各种${(0,2,25)(1,16,15)}
#各自${(1,20,43)}
#根据${(0,5,1)(1,17,9)(1,21,10)}
#更${(1,3,6)(1,3,22)(1,3,67)(1,13,30)}
#工作${(0,4,3)(0,6,21)(0,10,4)(0,11,6)(0,11,19)(0,12,19)(0,12,31)(0,12,46)(0,12,66)(0,13,9)(0,13,20)(0,14,58)(0,14,61)(0,14,65)(0,14,69)(0,14,85)(1,3,20)(1,3,44)(1,3,47)(1,9,31)(1,15,12)(1,15,73)(1,15,78)(1,15,81)(1,15,92)(1,15,94)(1,16,11)(1,20,19)}
#共同${(1,3,40)}
#关系${(0,14,53)}
#观念${(0,12,11)}
#管理${(0,4,10)(0,4,23)(0,6,6)(0,8,6)(0,13,57)}
#规定${(0,14,30)(1,16,18)}
#规划${(1,14,26)}
#规章${(0,5,9)}
#规章制度${(1,16,16)}
#过程${(0,11,7)(1,16,3)}
#还${(1,3,33)}
#行使${(0,11,57)}
#行事${(1,20,21)}
#好${(0,14,12)(0,14,68)(0,14,82)(1,3,7)(1,3,23)(1,3,68)(1,20,47)}
#合理${(0,12,28)(1,15,69)(1,17,22)}
#和${(0,4,21)(0,6,9)(1,3,46)(1,9,22)}
#后${(0,5,5)(1,3,18)(1,8,41)(1,15,96)(1,17,4)(1,21,23)}
#环境${(1,2,41)}
#回${(1,15,89)(1,15,97)}
#会议${(0,2,10)(0,12,43)(0,12,87)}
#活动${(0,2,16)(0,3,4)(0,4,16)(0,8,12)(0,9,6)(0,11,27)(0,11,40)(0,11,52)(0,12,34)(0,13,30)(0,13,36)}
#或${(0,12,60)(1,8,43)}
#机会${(1,20,48)}
#机制${(0,13,52)}
#积极${(1,4,18)(1,9,8)(1,15,6)}
#积极性${(0,12,39)}
#基础${(1,3,70)}
#激发${(1,20,51)}
#激励${(0,13,51)}
#及${(0,2,3)(0,3,9)(0,4,26)(0,6,19)(0,12,84)(0,13,40)(0,14,75)(1,20,6)(1,21,6)}
#及时${(0,3,14)(0,12,49)}
#即${(1,2,4)}
#计${(1,21,32)}
#计划${(0,12,67)(0,12,75)(0,14,59)(0,14,66)(1,16,20)}
#技能${(1,2,23)(1,15,23)}
#继续${(1,15,101)}
#绩效${(1,18,10)(1,21,34)}
#加强${(1,2,25)(1,3,51)}
#间${(0,13,42)(1,20,25)}
#建设${(0,7,5)(0,12,24)(0,12,26)(1,3,57)(1,20,35)}
#将${(1,18,8)}
#交${(1,8,22)(1,8,57)}
#交办${(0,14,14)}
#交流${(0,12,89)(0,13,43)(0,14,79)(1,2,15)(1,3,42)(1,4,21)(1,8,7)(1,8,20)(1,8,53)(1,13,27)(1,15,1)(1,15,3)(1,15,41)(1,15,48)(1,15,58)(1,15,66)(1,15,84)(1,15,103)(1,17,5)(1,17,10)(1,17,19)(1,17,31)(1,18,2)(1,18,4)}
#较${(1,2,36)(1,9,17)}
#阶段${(0,12,64)}
#接收${(1,15,34)}
#节日${(0,8,11)(0,9,5)}
#结束${(1,17,3)}
#解决${(0,14,44)}
#今后${(1,3,63)}
#尽量${(0,14,47)(1,15,46)}
#进步${(1,9,9)}
#进而${(0,11,15)}
#进行${(0,4,18)(0,5,11)(1,2,13)(1,12,9)(1,12,15)}
#经${(0,5,3)(1,8,27)}
#经验${(0,12,90)(1,3,48)(1,9,32)}
#精神${(0,2,11)}
#竞争${(1,2,56)}
#竞争力${(1,20,55)}
#举办${(0,8,9)(0,9,3)(0,11,50)}
#具备${(0,12,5)}
#具体${(1,11,2)(1,17,13)}
#开发${(1,2,70)}
#开展${(0,11,26)(0,12,45)(0,13,27)(0,13,33)}
#考核${(0,13,49)(1,18,11)(1,21,35)}
#考虑${(1,10,8)}
#可${(0,11,56)(1,14,17)(1,15,86)(1,21,9)}
#可以${(0,13,12)(1,3,34)}
#控${(0,12,7)}
#库${(0,6,5)}
#快${(1,2,37)}
#快速${(1,15,64)}
#困难${(0,14,17)}
#了解${(1,3,9)(1,15,13)(1,20,15)(1,20,27)}
#例会${(0,2,23)(0,12,72)(0,12,81)(0,12,83)(1,20,14)(1,21,16)}
#联系${(0,6,20)}
#联谊${(0,7,7)}
#良性${(1,2,55)(1,20,54)}
#量${(0,14,9)}
#临时${(0,6,3)(0,9,11)(0,11,39)}
#灵活${(0,14,20)}
#轮岗${(1,2,2)(1,2,16)(1,3,1)(1,4,20)(1,5,2)(1,7,2)(1,8,19)(1,8,52)(1,9,3)(1,12,1)(1,13,2)(1,13,8)(1,14,1)(1,16,1)(1,17,1)(1,17,30)(1,20,1)(1,21,1)}
#落实${(0,12,13)(0,13,5)(0,13,45)}
#履行${(0,13,13)}
#每${(0,3,2)(0,12,63)(0,12,69)(1,12,7)}
#每次${(1,13,1)}
#每个${(1,13,5)(1,14,4)(1,14,15)}
#每年${(1,6,1)}
#每期${(1,12,3)(1,13,22)}
#密切${(0,11,35)}
#面${(1,2,24)}
#名${(0,11,45)(1,14,22)}
#模范${(0,12,3)(1,9,10)}
#目的${(1,1,2)(1,4,17)(1,20,31)}
#纳入${(1,18,9)}
#内${(0,13,39)(1,14,3)(1,15,63)(1,16,13)(1,16,21)}
#内部${(0,7,3)(0,7,6)(0,11,62)(0,14,55)(1,2,9)(1,2,51)(1,3,56)(1,8,30)(1,20,34)}
#内外${(0,14,52)}
#能${(1,13,12)(1,20,49)}
#能够${(1,2,18)}
#能力${(1,4,15)(1,9,21)(1,9,24)}
#凝聚力${(0,14,56)(1,2,29)}
#弄虚作假${(0,14,34)}
#努力${(1,15,19)(1,15,24)}
#派${(1,8,33)}
#旁听${(1,19,3)(1,20,10)(1,21,17)(1,21,18)(1,21,22)(1,21,25)(1,21,30)}
#培训${(1,2,3)(1,2,17)(1,3,2)(1,5,3)(1,7,3)(1,9,4)(1,10,2)(1,12,2)(1,13,3)(1,16,2)(1,17,2)}
#培养${(1,4,11)}
#配合${(0,11,36)}
#平台${(0,6,12)(0,8,3)(1,3,50)}
#评比${(0,13,48)}
#评价${(1,17,23)(1,17,32)}
#普通${(1,14,9)(1,14,12)}
#期${(1,12,10)(1,14,2)}
#期间${(1,10,3)(1,15,2)(1,18,5)(1,20,2)(1,21,2)}
#其他${(0,9,10)(0,11,31)(0,14,77)(1,8,35)(1,20,11)}
#起草${(0,2,24)}
#前${(0,12,73)}
#潜能${(1,2,73)(1,15,33)}
#强${(1,9,18)}
#强化${(0,13,46)(0,13,54)}
#勤${(0,14,23)}
#情况${(1,12,14)}
#权力${(0,11,59)}
#全体${(0,12,71)(0,12,80)}
#全校${(0,4,6)}
#确定${(1,8,32)(1,8,39)}
#群${(0,6,8)}
#人才${(1,2,14)}
#人员${(0,4,4)(1,7,4)(1,8,8)(1,8,40)(1,9,6)(1,13,10)(1,13,25)(1,15,4)(1,15,42)(1,15,49)(1,15,59)(1,15,67)(1,15,85)(1,17,11)(1,17,20)(1,18,3)(1,21,19)}
#认识${(1,2,59)}
#认真${(1,17,24)}
#任务${(0,9,12)(0,14,15)(1,3,31)(1,16,22)}
#日${(1,3,17)}
#日常${(0,8,5)(0,12,18)(1,3,43)}
#融入${(1,15,43)}
#如何${(1,2,35)}
#入${(1,21,33)}
#若${(0,14,38)}
#三${(1,7,1)}
#上${(0,2,1)(0,12,88)}
#上报${(0,14,43)}
#上级${(0,14,13)}
#上交${(0,4,14)}
#申请${(1,13,7)}
#申请表${(1,8,21)}
#审批${(0,5,4)}
#审视${(1,2,46)}
#时${(0,11,28)(0,13,11)(0,14,18)(1,15,83)}
#时间${(1,5,4)(1,12,4)(1,15,62)(1,15,74)}
#实际${(1,12,13)}
#实践${(1,15,102)}
#实力${(1,3,60)}
#实施${(1,11,3)}
#使${(1,2,57)(1,13,29)(1,15,57)}
#使用${(0,4,29)}
#事${(0,11,22)(0,14,2)}
#视角${(1,2,45)}
#是${(1,20,39)}
#是否${(1,21,14)(1,21,29)}
#适应${(1,2,39)(1,9,23)(1,15,55)}
#收集${(0,3,8)}
#手册${(1,16,12)}
#属${(1,15,77)}
#数${(1,12,11)}
#思考${(0,14,25)}
#思想${(1,9,7)}
#四${(1,11,1)}
#素质${(1,4,6)(1,15,27)}
#所${(0,11,49)}
#所谓${(1,2,1)}
#所有${(1,15,36)(1,16,6)}
#探讨${(1,3,41)}
#提高${(1,3,58)(1,15,25)}
#提供${(1,3,49)(1,14,7)}
#提交${(0,12,74)}
#填写${(1,8,14)(1,8,47)(1,17,25)(1,21,24)}
#条例${(0,12,61)}
#调${(1,15,88)}
#调动${(0,12,35)}
#调度${(0,11,60)}
#调整${(1,12,16)}
#通过${(1,20,9)}
#通知${(0,6,18)}
#同时${(0,11,37)(1,3,32)(1,20,36)}
#统筹${(0,12,10)(1,14,25)}
#团结${(1,3,25)}
#推荐${(1,8,54)}
#推进${(0,12,21)(1,20,32)}
#推举${(0,11,43)}
#推卸${(0,14,36)}
#拖拉${(0,14,32)}
#拓宽${(1,2,19)}
#外${(1,14,14)}
#完成${(0,13,18)(0,14,11)(1,3,29)(1,15,95)(1,16,19)}
#完善${(0,12,55)}
#往${(1,8,34)}
#为${(1,3,35)(1,3,61)(1,4,16)(1,12,5)}
#文化${(0,7,4)(0,12,23)(0,13,35)}
#文字${(0,2,26)}
#问题${(0,11,10)(0,12,52)(0,14,40)(1,2,47)(1,3,45)}
#五${(1,19,1)}
#物品${(0,4,27)}
#系列${(1,10,1)}
#下达${(0,2,4)}
#限度${(1,2,68)(1,15,30)}
#相关${(0,8,10)(0,9,4)(0,12,51)(0,12,58)(0,13,29)}
#相互${(1,20,26)(1,20,28)}
#向${(0,14,72)}
#消除${(1,15,47)}
#校规${(1,9,14)}
#校纪${(1,9,15)}
#协调${(0,2,12)(1,8,31)}
#协助${(0,13,3)(1,14,23)(1,15,91)}
#协作${(1,3,26)}
#写${(0,14,67)}
#新${(1,2,40)(1,15,8)(1,15,14)(1,15,21)(1,15,44)(1,15,51)(1,15,99)}
#新闻稿${(0,3,10)}
#信${(0,6,11)}
#信息${(0,4,9)}
#修改${(0,5,12)}
#须${(1,8,46)(1,13,21)}
#需${(1,21,20)}
#需要${(0,5,2)(1,15,82)}
#选拔${(0,6,17)}
#选派${(1,13,23)}
#选择${(1,7,5)(1,21,13)}
#学会${(0,14,19)}
#学期${(1,12,8)}
#学习${(0,14,86)(1,2,33)(1,9,20)(1,15,20)(1,20,29)}
#学校${(1,9,12)}
#要${(0,14,22)(0,14,49)(1,15,5)(1,15,38)}
#要求${(0,10,5)(1,9,1)}
#也${(1,20,38)}
#一${(0,1,1)(0,11,44)(1,1,1)(1,14,21)}
#一定${(1,9,29)}
#一切${(0,11,63)}
#以${(0,14,80)(1,2,42)(1,4,10)(1,8,9)}
#以便${(1,3,15)(1,13,28)}
#以及${(0,4,5)(0,12,32)}
#义务${(0,13,15)}
#意见${(1,21,26)}
#意向${(1,21,12)}
#应${(1,15,68)(1,16,8)(1,17,8)}
#勇于${(0,14,26)}
#优势${(1,2,63)}
#优先${(1,10,7)}
#优秀${(1,10,5)}
#有${(1,9,16)(1,9,28)(1,15,80)}
#有关${(0,14,29)}
#有助于${(1,2,48)(1,3,3)}
#于${(0,14,24)(1,13,14)}
#与${(0,10,3)(0,11,30)(0,12,76)(0,13,8)(0,13,50)(0,14,60)(1,2,64)}
#予${(1,8,23)(1,8,58)}
#予以${(1,17,21)}
#遇到${(0,14,16)}
#原${(1,9,26)(1,15,76)}
#原则${(1,4,9)}
#月${(1,6,2)(1,6,5)(1,6,7)(1,6,10)}
#越级${(0,14,50)}
#运营${(0,6,2)}
#在${(0,11,5)(0,12,68)(0,12,79)(1,3,16)(1,9,25)(1,15,50)(1,15,60)(1,21,21)}
#暂时${(1,15,87)}
#责任${(0,11,13)(0,11,24)(0,14,37)}
#责任制${(0,10,2)(0,11,4)}
#增强${(0,14,54)}
#增设${(1,14,18)}
#展示${(1,20,42)}
#章程${(1,17,17)}
#掌${(0,12,6)}
#招募${(0,6,16)}
#照片${(0,3,6)}
#者${(1,10,6)}
#这${(1,20,37)}
#整个${(1,14,27)}
#整理${(0,4,20)}
#之间${(1,2,12)(1,2,53)}
#支教${(0,8,2)}
#值班${(0,2,18)}
#职能${(0,1,3)(0,11,33)(0,12,15)(0,12,85)(0,13,7)}
#职责${(1,3,14)(1,15,18)}
#指导${(0,13,16)(0,13,25)}
#至${(1,6,4)(1,6,9)}
#至少${(1,14,6)}
#志愿${(0,2,5)(1,2,6)(1,3,52)(1,8,2)(1,8,16)(1,8,49)(1,17,27)}
#志愿者${(0,4,7)(0,6,4)(0,6,7)(0,6,14)}
#制定${(0,12,62)(0,14,64)}
#制度${(0,5,10)(0,12,59)(1,19,4)}
#制度化${(0,13,56)}
#中${(0,3,5)(0,11,8)(1,3,21)(1,13,4)(1,16,4)(1,18,12)}
#中心${(0,2,7)(0,2,21)(0,4,2)(0,4,24)(0,5,8)(0,7,2)(0,9,8)(0,11,61)(0,13,28)(0,14,76)(1,2,8)(1,2,20)(1,2,26)(1,2,31)(1,2,50)(1,3,4)(1,3,10)(1,3,36)(1,3,54)(1,3,62)(1,8,4)(1,8,18)(1,8,51)(1,16,5)(1,17,16)(1,17,29)(1,18,1)(1,20,33)(1,20,52)}
#中旬${(1,6,3)(1,6,6)(1,6,8)(1,6,11)}
#重视${(0,14,57)}
#周${(1,12,6)}
#主持${(0,12,16)(0,12,54)}
#主动${(1,15,39)}
#主任${(0,11,58)}
#主要${(0,11,46)}
#助理${(1,14,20)}
#撰写${(0,3,12)}
#状态${(0,14,84)}
#追究${(0,11,11)(0,11,16)}
#资料${(0,4,17)}
#资源${(0,11,64)}
#自己${(1,2,71)(1,15,71)}
#自觉${(1,16,9)}
#自身${(1,2,61)}
#自愿${(1,8,10)}
#综合${(1,3,59)(1,4,5)}
#总结${(0,12,47)(0,12,77)(0,14,62)(0,14,70)}
#组${(0,11,41)}
#组织${(0,2,20)(0,12,41)(0,13,22)(0,13,32)(0,14,4)}
#最${(0,14,81)(1,2,66)(1,15,28)}
#遵守${(0,14,28)(1,9,11)(1,16,10)}
#作用${(0,12,4)}
