@5@#安排${(0,12,29)(0,14,5)(2,15,70)(3,1,1)}
#按${(2,12,12)(2,16,17)(3,2,1)}
#按时${(0,14,63)(3,3,1)}
#办公室${(0,1,2)(0,11,1)(0,11,29)(0,12,14)(0,12,17)(0,12,22)(0,12,30)(1,1,2)(2,4,1)(2,8,59)(3,4,1)}
#帮助${(2,2,30)(2,15,40)(3,5,1)}
#保${(0,14,8)(3,6,1)}
#保存${(0,4,22)(1,4,22)(2,8,61)(3,7,1)}
#保质${(0,14,7)(3,8,1)}
#报名${(2,8,11)(3,9,1)}
#本${(0,12,56)(2,8,24)(2,13,15)(3,10,1)}
#本部${(2,15,90)(3,11,1)}
#本着${(2,4,2)(3,12,1)}
#必要${(0,13,10)(3,13,1)}
#编排${(0,2,17)(1,2,17)(3,14,1)}
#表${(0,2,19)(1,2,19)(2,8,55)(2,17,33)(2,21,28)(3,15,1)}
#表现${(2,10,4)(2,17,14)(2,18,7)(3,16,1)}
#并${(0,3,13)(0,11,42)(0,12,48)(0,12,78)(0,13,24)(1,3,13)(2,8,56)(3,17,1)}
#不${(0,14,31)(0,14,33)(0,14,35)(0,14,48)(2,13,11)(2,15,54)(2,21,31)(3,18,1)}
#不同${(2,2,43)(2,13,24)(2,20,16)(2,20,40)(3,19,1)}
#不足${(2,2,65)(3,20,1)}
#部${(0,13,38)(2,8,29)(3,21,1)}
#部门${(0,2,14)(0,4,13)(0,11,34)(0,12,36)(0,12,42)(0,12,57)(0,12,65)(0,12,86)(0,13,6)(0,13,19)(0,13,34)(0,13,41)(0,13,47)(0,13,55)(1,2,14)(1,4,13)(2,2,11)(2,3,12)(2,3,38)(2,8,6)(2,8,25)(2,8,36)(2,9,27)(2,13,6)(2,13,16)(2,13,20)(2,14,5)(2,14,16)(2,14,28)(2,15,9)(2,15,15)(2,15,35)(2,15,45)(2,15,52)(2,15,79)(2,15,100)(2,17,6)(2,20,4)(2,20,12)(2,20,17)(2,20,24)(2,20,41)(2,20,44)(2,21,4)(3,22,1)}
#部长${(0,11,3)(0,11,14)(0,12,1)(0,12,82)(0,13,2)(0,13,4)(0,13,14)(0,14,74)(2,8,42)(2,8,45)(2,14,19)(2,14,24)(2,17,7)(2,19,2)(2,20,5)(2,20,8)(2,21,5)(2,21,8)(3,23,1)}
#财务${(0,4,25)(1,4,25)(3,24,1)}
#采取${(0,11,2)(0,14,41)(3,25,1)}
#参加${(2,21,15)(3,26,1)}
#参与${(2,4,19)(2,9,2)(2,13,26)(2,15,7)(3,27,1)}
#参照${(2,17,15)(3,28,1)}
#策划${(0,8,8)(0,9,2)(1,8,8)(1,9,2)(3,29,1)}
#层层${(0,14,42)(3,30,1)}
#成立${(0,11,38)(3,31,1)}
#成员${(0,12,37)(0,14,78)(2,2,21)(2,2,27)(2,2,32)(2,2,52)(2,3,5)(2,3,39)(2,4,12)(2,13,17)(2,13,32)(2,15,37)(2,16,7)(3,32,1)}
#成长${(2,15,65)(3,33,1)}
#承担${(0,9,7)(1,9,7)(3,34,1)}
#充分${(2,20,50)(3,35,1)}
#筹备${(0,13,23)(3,36,1)}
#出色${(2,3,27)(3,37,1)}
#出现${(0,11,9)(3,38,1)}
#除${(2,14,11)(3,39,1)}
#处理${(0,14,21)(3,40,1)}
#传${(0,2,2)(1,2,2)(3,41,1)}
#创新${(0,14,27)(3,42,1)}
#次${(0,3,3)(0,12,70)(1,3,3)(3,43,1)}
#促进${(0,13,37)(2,2,49)(2,4,3)(3,44,1)}
#达到${(2,20,23)(3,45,1)}
#打下${(2,3,66)(3,46,1)}
#大${(0,2,22)(1,2,22)(2,2,67)(2,15,29)(3,47,1)}
#大家${(2,2,58)(3,48,1)}
#大局${(0,12,8)(3,49,1)}
#大学生${(2,2,5)(2,8,1)(2,8,15)(2,8,48)(2,17,26)(3,50,1)}
#待${(2,15,93)(3,51,1)}
#当${(0,11,25)(2,15,75)(3,52,1)}
#到${(2,2,60)(2,15,98)(3,53,1)}
#得到${(2,13,33)(3,54,1)}
#的${(0,2,8)(0,2,15)(0,3,7)(0,3,11)(0,4,8)(0,4,15)(0,4,28)(0,6,15)(0,8,4)(0,9,9)(0,11,20)(0,11,23)(0,11,51)(0,12,9)(0,12,38)(0,14,45)(0,14,83)(1,2,8)(1,2,15)(1,3,7)(1,3,11)(1,4,8)(1,4,15)(1,4,28)(1,6,15)(1,8,4)(1,9,9)(2,2,22)(2,2,28)(2,2,38)(2,2,44)(2,2,54)(2,2,62)(2,2,72)(2,3,13)(2,3,19)(2,3,55)(2,3,64)(2,3,69)(2,4,8)(2,4,14)(2,8,12)(2,8,37)(2,9,5)(2,9,13)(2,9,19)(2,9,30)(2,13,9)(2,13,18)(2,15,10)(2,15,16)(2,15,22)(2,15,53)(2,15,72)(2,16,14)(2,17,12)(2,18,6)(2,20,13)(2,20,18)(2,20,30)(2,20,46)(2,20,53)(3,55,1)}
#地${(0,14,10)(2,2,69)(2,3,8)(2,3,24)(2,3,28)(3,56,1)}
#定期${(0,12,44)(3,57,1)}
#独当一面${(2,4,13)(3,58,1)}
#短${(2,15,61)(3,59,1)}
#锻炼${(2,2,34)(2,13,34)(3,60,1)}
#对${(0,4,11)(0,5,7)(0,11,48)(1,4,11)(1,5,7)(2,17,18)(3,61,1)}
#多${(0,14,71)(2,13,13)(2,13,31)(3,62,1)}
#二${(0,10,1)(2,5,1)(3,63,1)}
#发布${(0,3,15)(1,3,15)(3,64,1)}
#发挥${(0,12,2)(2,15,31)(3,65,1)}
#发现${(0,14,39)(3,66,1)}
#发展${(2,3,65)(2,4,7)(3,67,1)}
#反馈${(0,12,50)(2,21,27)(3,68,1)}
#方法${(2,11,4)(3,69,1)}
#方式${(0,14,46)(2,8,13)(2,20,22)(3,70,1)}
#飞${(0,6,10)(1,6,10)(3,71,1)}
#分类${(0,4,19)(1,4,19)(3,72,1)}
#氛围${(0,12,25)(3,73,1)}
#风采${(2,20,45)(3,74,1)}
#风格${(2,20,20)(3,75,1)}
#服从${(0,14,3)(3,76,1)}
#服务${(0,2,6)(1,2,6)(2,2,7)(2,3,53)(2,8,3)(2,8,17)(2,8,50)(2,17,28)(3,77,1)}
#负责${(0,3,1)(0,4,1)(0,5,6)(0,6,1)(0,6,13)(0,7,1)(0,8,1)(0,8,7)(0,9,1)(0,11,17)(0,11,53)(0,12,12)(0,12,20)(0,12,27)(0,12,40)(0,12,53)(0,13,21)(0,13,31)(0,13,44)(0,13,53)(1,3,1)(1,4,1)(1,5,6)(1,6,1)(1,6,13)(1,7,1)(1,8,1)(1,8,7)(1,9,1)(3,78,1)}
#负责人${(0,11,47)(0,11,55)(2,8,26)(2,8,60)(3,79,1)}
#副${(0,13,1)(2,8,44)(2,20,7)(2,21,7)(3,80,1)}
#该${(0,11,18)(0,11,54)(3,81,1)}
#感${(2,15,56)(3,82,1)}
#干${(0,11,21)(0,14,1)(3,83,1)}
#干事${(0,13,17)(0,13,26)(2,4,4)(2,8,38)(3,84,1)}
#岗位${(2,14,10)(2,14,13)(3,85,1)}
#高效${(0,14,6)(3,86,1)}
#搞好${(0,14,51)(3,87,1)}
#个${(2,14,8)(3,88,1)}
#个人${(0,11,12)(2,15,26)(2,15,32)(2,21,11)(3,89,1)}
#各${(0,2,13)(0,4,12)(0,11,32)(0,14,73)(1,2,13)(1,4,12)(2,2,10)(2,3,11)(2,3,37)(2,8,5)(2,8,28)(2,13,19)(2,20,3)(2,21,3)(3,90,1)}
#各项${(0,2,9)(0,12,33)(1,2,9)(2,3,30)(2,15,11)(2,15,17)(3,91,1)}
#各种${(0,2,25)(1,2,25)(2,16,15)(3,92,1)}
#各自${(2,20,43)(3,93,1)}
#根据${(0,5,1)(1,5,1)(2,17,9)(2,21,10)(3,94,1)}
#更${(2,3,6)(2,3,22)(2,3,67)(2,13,30)(3,95,1)}
#工作${(0,4,3)(0,6,21)(0,10,4)(0,11,6)(0,11,19)(0,12,19)(0,12,31)(0,12,46)(0,12,66)(0,13,9)(0,13,20)(0,14,58)(0,14,61)(0,14,65)(0,14,69)(0,14,85)(1,4,3)(1,6,21)(2,3,20)(2,3,44)(2,3,47)(2,9,31)(2,15,12)(2,15,73)(2,15,78)(2,15,81)(2,15,92)(2,15,94)(2,16,11)(2,20,19)(3,96,1)}
#共同${(2,3,40)(3,97,1)}
#关系${(0,14,53)(3,98,1)}
#观念${(0,12,11)(3,99,1)}
#管理${(0,4,10)(0,4,23)(0,6,6)(0,8,6)(0,13,57)(1,4,10)(1,4,23)(1,6,6)(1,8,6)(3,100,1)}
#规定${(0,14,30)(2,16,18)(3,101,1)}
#规划${(2,14,26)(3,102,1)}
#规章${(0,5,9)(1,5,9)(3,103,1)}
#规章制度${(2,16,16)(3,104,1)}
#过程${(0,11,7)(2,16,3)(3,105,1)}
#还${(2,3,33)(3,106,1)}
#行使${(0,11,57)(3,107,1)}
#行事${(2,20,21)(3,108,1)}
#好${(0,14,12)(0,14,68)(0,14,82)(2,3,7)(2,3,23)(2,3,68)(2,20,47)(3,109,1)}
#合理${(0,12,28)(2,15,69)(2,17,22)(3,110,1)}
#和${(0,4,21)(0,6,9)(1,4,21)(1,6,9)(2,3,46)(2,9,22)(3,111,1)}
#很${(1,10,2)(3,112,1)}
#后${(0,5,5)(1,5,5)(2,3,18)(2,8,41)(2,15,96)(2,17,4)(2,21,23)(3,113,1)}
#环境${(2,2,41)(3,114,1)}
#回${(2,15,89)(2,15,97)(3,115,1)}
#会议${(0,2,10)(0,12,43)(0,12,87)(1,2,10)(3,116,1)}
#活动${(0,2,16)(0,3,4)(0,4,16)(0,8,12)(0,9,6)(0,11,27)(0,11,40)(0,11,52)(0,12,34)(0,13,30)(0,13,36)(1,2,16)(1,3,4)(1,4,16)(1,8,12)(1,9,6)(3,117,1)}
#或${(0,12,60)(2,8,43)(3,118,1)}
#机会${(2,20,48)(3,119,1)}
#机制${(0,13,52)(3,120,1)}
#积极${(2,4,18)(2,9,8)(2,15,6)(3,121,1)}
#积极性${(0,12,39)(3,122,1)}
#基础${(2,3,70)(3,123,1)}
#激发${(2,20,51)(3,124,1)}
#激励${(0,13,51)(3,125,1)}
#及${(0,2,3)(0,3,9)(0,4,26)(0,6,19)(0,12,84)(0,13,40)(0,14,75)(1,2,3)(1,3,9)(1,4,26)(1,6,19)(2,20,6)(2,21,6)(3,126,1)}
#及时${(0,3,14)(0,12,49)(1,3,14)(3,127,1)}
#即${(2,2,4)(3,128,1)}
#计${(2,21,32)(3,129,1)}
#计划${(0,12,67)(0,12,75)(0,14,59)(0,14,66)(2,16,20)(3,130,1)}
#技能${(2,2,23)(2,15,23)(3,131,1)}
#继续${(2,15,101)(3,132,1)}
#绩效${(2,18,10)(2,21,34)(3,133,1)}
#加强${(2,2,25)(2,3,51)(3,134,1)}
#间${(0,13,42)(2,20,25)(3,135,1)}
#建设${(0,7,5)(0,12,24)(0,12,26)(1,7,5)(2,3,57)(2,20,35)(3,136,1)}
#将${(2,18,8)(3,137,1)}
#交${(2,8,22)(2,8,57)(3,138,1)}
#交办${(0,14,14)(3,139,1)}
#交流${(0,12,89)(0,13,43)(0,14,79)(2,2,15)(2,3,42)(2,4,21)(2,8,7)(2,8,20)(2,8,53)(2,13,27)(2,15,1)(2,15,3)(2,15,41)(2,15,48)(2,15,58)(2,15,66)(2,15,84)(2,15,103)(2,17,5)(2,17,10)(2,17,19)(2,17,31)(2,18,2)(2,18,4)(3,140,1)}
#较${(2,2,36)(2,9,17)(3,141,1)}
#阶段${(0,12,64)(3,142,1)}
#接收${(2,15,34)(3,143,1)}
#节日${(0,8,11)(0,9,5)(1,8,11)(1,9,5)(3,144,1)}
#结束${(2,17,3)(3,145,1)}
#解决${(0,14,44)(3,146,1)}
#今后${(2,3,63)(3,147,1)}
#今天${(1,10,1)(3,148,1)}
#尽量${(0,14,47)(2,15,46)(3,149,1)}
#进步${(2,9,9)(3,150,1)}
#进而${(0,11,15)(3,151,1)}
#进行${(0,4,18)(0,5,11)(1,4,18)(1,5,11)(2,2,13)(2,12,9)(2,12,15)(3,152,1)}
#经${(0,5,3)(1,5,3)(2,8,27)(3,153,1)}
#经验${(0,12,90)(2,3,48)(2,9,32)(3,154,1)}
#精神${(0,2,11)(1,2,11)(3,155,1)}
#竞争${(2,2,56)(3,156,1)}
#竞争力${(2,20,55)(3,157,1)}
#举办${(0,8,9)(0,9,3)(0,11,50)(1,8,9)(1,9,3)(3,158,1)}
#具备${(0,12,5)(3,159,1)}
#具体${(2,11,2)(2,17,13)(3,160,1)}
#开发${(2,2,70)(3,161,1)}
#开心${(1,10,3)(3,162,1)}
#开展${(0,11,26)(0,12,45)(0,13,27)(0,13,33)(3,163,1)}
#考核${(0,13,49)(2,18,11)(2,21,35)(3,164,1)}
#考虑${(2,10,8)(3,165,1)}
#可${(0,11,56)(2,14,17)(2,15,86)(2,21,9)(3,166,1)}
#可以${(0,13,12)(2,3,34)(3,167,1)}
#控${(0,12,7)(3,168,1)}
#库${(0,6,5)(1,6,5)(3,169,1)}
#快${(2,2,37)(3,170,1)}
#快速${(2,15,64)(3,171,1)}
#困难${(0,14,17)(3,172,1)}
#了解${(2,3,9)(2,15,13)(2,20,15)(2,20,27)(3,173,1)}
#例会${(0,2,23)(0,12,72)(0,12,81)(0,12,83)(1,2,23)(2,20,14)(2,21,16)(3,174,1)}
#联系${(0,6,20)(1,6,20)(3,175,1)}
#联谊${(0,7,7)(1,7,7)(3,176,1)}
#良性${(2,2,55)(2,20,54)(3,177,1)}
#量${(0,14,9)(3,178,1)}
#临时${(0,6,3)(0,9,11)(0,11,39)(1,6,3)(1,9,11)(3,179,1)}
#灵活${(0,14,20)(3,180,1)}
#轮岗${(2,2,2)(2,2,16)(2,3,1)(2,4,20)(2,5,2)(2,7,2)(2,8,19)(2,8,52)(2,9,3)(2,12,1)(2,13,2)(2,13,8)(2,14,1)(2,16,1)(2,17,1)(2,17,30)(2,20,1)(2,21,1)(3,181,1)}
#落实${(0,12,13)(0,13,5)(0,13,45)(3,182,1)}
#履行${(0,13,13)(3,183,1)}
#每${(0,3,2)(0,12,63)(0,12,69)(1,3,2)(2,12,7)(3,184,1)}
#每次${(2,13,1)(3,185,1)}
#每个${(2,13,5)(2,14,4)(2,14,15)(3,186,1)}
#每年${(2,6,1)(3,187,1)}
#每期${(2,12,3)(2,13,22)(3,188,1)}
#密切${(0,11,35)(3,189,1)}
#面${(2,2,24)(3,190,1)}
#名${(0,11,45)(2,14,22)(3,191,1)}
#模范${(0,12,3)(2,9,10)(3,192,1)}
#目的${(2,1,2)(2,4,17)(2,20,31)(3,193,1)}
#纳入${(2,18,9)(3,194,1)}
#内${(0,13,39)(2,14,3)(2,15,63)(2,16,13)(2,16,21)(3,195,1)}
#内部${(0,7,3)(0,7,6)(0,11,62)(0,14,55)(1,7,3)(1,7,6)(2,2,9)(2,2,51)(2,3,56)(2,8,30)(2,20,34)(3,196,1)}
#内外${(0,14,52)(3,197,1)}
#能${(2,13,12)(2,20,49)(3,198,1)}
#能够${(2,2,18)(3,199,1)}
#能力${(2,4,15)(2,9,21)(2,9,24)(3,200,1)}
#凝聚力${(0,14,56)(2,2,29)(3,201,1)}
#弄虚作假${(0,14,34)(3,202,1)}
#努力${(2,15,19)(2,15,24)(3,203,1)}
#派${(2,8,33)(3,204,1)}
#旁听${(2,19,3)(2,20,10)(2,21,17)(2,21,18)(2,21,22)(2,21,25)(2,21,30)(3,205,1)}
#培训${(2,2,3)(2,2,17)(2,3,2)(2,5,3)(2,7,3)(2,9,4)(2,10,2)(2,12,2)(2,13,3)(2,16,2)(2,17,2)(3,206,1)}
#培养${(2,4,11)(3,207,1)}
#配合${(0,11,36)(3,208,1)}
#平台${(0,6,12)(0,8,3)(1,6,12)(1,8,3)(2,3,50)(3,209,1)}
#评比${(0,13,48)(3,210,1)}
#评价${(2,17,23)(2,17,32)(3,211,1)}
#普通${(2,14,9)(2,14,12)(3,212,1)}
#期${(2,12,10)(2,14,2)(3,213,1)}
#期间${(2,10,3)(2,15,2)(2,18,5)(2,20,2)(2,21,2)(3,214,1)}
#其他${(0,9,10)(0,11,31)(0,14,77)(1,9,10)(2,8,35)(2,20,11)(3,215,1)}
#起草${(0,2,24)(1,2,24)(3,216,1)}
#前${(0,12,73)(3,217,1)}
#潜能${(2,2,73)(2,15,33)(3,218,1)}
#强${(2,9,18)(3,219,1)}
#强化${(0,13,46)(0,13,54)(3,220,1)}
#勤${(0,14,23)(3,221,1)}
#情况${(2,12,14)(3,222,1)}
#权力${(0,11,59)(3,223,1)}
#全体${(0,12,71)(0,12,80)(3,224,1)}
#全校${(0,4,6)(1,4,6)(3,225,1)}
#确定${(2,8,32)(2,8,39)(3,226,1)}
#群${(0,6,8)(1,6,8)(3,227,1)}
#人才${(2,2,14)(3,228,1)}
#人员${(0,4,4)(1,4,4)(2,7,4)(2,8,8)(2,8,40)(2,9,6)(2,13,10)(2,13,25)(2,15,4)(2,15,42)(2,15,49)(2,15,59)(2,15,67)(2,15,85)(2,17,11)(2,17,20)(2,18,3)(2,21,19)(3,229,1)}
#认识${(2,2,59)(3,230,1)}
#认真${(2,17,24)(3,231,1)}
#任务${(0,9,12)(0,14,15)(1,9,12)(2,3,31)(2,16,22)(3,232,1)}
#日${(2,3,17)(3,233,1)}
#日常${(0,8,5)(0,12,18)(1,8,5)(2,3,43)(3,234,1)}
#融入${(2,15,43)(3,235,1)}
#如何${(2,2,35)(3,236,1)}
#入${(2,21,33)(3,237,1)}
#若${(0,14,38)(3,238,1)}
#三${(2,7,1)(3,239,1)}
#上${(0,2,1)(0,12,88)(1,2,1)(3,240,1)}
#上报${(0,14,43)(3,241,1)}
#上级${(0,14,13)(3,242,1)}
#上交${(0,4,14)(1,4,14)(3,243,1)}
#申请${(2,13,7)(3,244,1)}
#申请表${(2,8,21)(3,245,1)}
#审批${(0,5,4)(1,5,4)(3,246,1)}
#审视${(2,2,46)(3,247,1)}
#时${(0,11,28)(0,13,11)(0,14,18)(2,15,83)(3,248,1)}
#时间${(2,5,4)(2,12,4)(2,15,62)(2,15,74)(3,249,1)}
#实际${(2,12,13)(3,250,1)}
#实践${(2,15,102)(3,251,1)}
#实力${(2,3,60)(3,252,1)}
#实施${(2,11,3)(3,253,1)}
#使${(2,2,57)(2,13,29)(2,15,57)(3,254,1)}
#使用${(0,4,29)(1,4,29)(3,255,1)}
#事${(0,11,22)(0,14,2)(3,256,1)}
#视角${(2,2,45)(3,257,1)}
#是${(2,20,39)(3,258,1)}
#是否${(2,21,14)(2,21,29)(3,259,1)}
#适应${(2,2,39)(2,9,23)(2,15,55)(3,260,1)}
#收集${(0,3,8)(1,3,8)(3,261,1)}
#手册${(2,16,12)(3,262,1)}
#属${(2,15,77)(3,263,1)}
#数${(2,12,11)(3,264,1)}
#思考${(0,14,25)(3,265,1)}
#思想${(2,9,7)(3,266,1)}
#四${(2,11,1)(3,267,1)}
#素质${(2,4,6)(2,15,27)(3,268,1)}
#所${(0,11,49)(3,269,1)}
#所谓${(2,2,1)(3,270,1)}
#所有${(2,15,36)(2,16,6)(3,271,1)}
#探讨${(2,3,41)(3,272,1)}
#提高${(2,3,58)(2,15,25)(3,273,1)}
#提供${(2,3,49)(2,14,7)(3,274,1)}
#提交${(0,12,74)(3,275,1)}
#填写${(2,8,14)(2,8,47)(2,17,25)(2,21,24)(3,276,1)}
#条例${(0,12,61)(3,277,1)}
#调${(2,15,88)(3,278,1)}
#调动${(0,12,35)(3,279,1)}
#调度${(0,11,60)(3,280,1)}
#调整${(2,12,16)(3,281,1)}
#通过${(2,20,9)(3,282,1)}
#通知${(0,6,18)(1,6,18)(3,283,1)}
#同时${(0,11,37)(2,3,32)(2,20,36)(3,284,1)}
#统筹${(0,12,10)(2,14,25)(3,285,1)}
#团结${(2,3,25)(3,286,1)}
#推荐${(2,8,54)(3,287,1)}
#推进${(0,12,21)(2,20,32)(3,288,1)}
#推举${(0,11,43)(3,289,1)}
#推卸${(0,14,36)(3,290,1)}
#拖拉${(0,14,32)(3,291,1)}
#拓宽${(2,2,19)(3,292,1)}
#外${(2,14,14)(3,293,1)}
#完成${(0,13,18)(0,14,11)(2,3,29)(2,15,95)(2,16,19)(3,294,1)}
#完善${(0,12,55)(3,295,1)}
#往${(2,8,34)(3,296,1)}
#为${(2,3,35)(2,3,61)(2,4,16)(2,12,5)(3,297,1)}
#文化${(0,7,4)(0,12,23)(0,13,35)(1,7,4)(3,298,1)}
#文字${(0,2,26)(1,2,26)(3,299,1)}
#问题${(0,11,10)(0,12,52)(0,14,40)(2,2,47)(2,3,45)(3,300,1)}
#五${(2,19,1)(3,301,1)}
#物品${(0,4,27)(1,4,27)(3,302,1)}
#系列${(2,10,1)(3,303,1)}
#下达${(0,2,4)(1,2,4)(3,304,1)}
#限度${(2,2,68)(2,15,30)(3,305,1)}
#相关${(0,8,10)(0,9,4)(0,12,51)(0,12,58)(0,13,29)(1,8,10)(1,9,4)(3,306,1)}
#相互${(2,20,26)(2,20,28)(3,307,1)}
#向${(0,14,72)(3,308,1)}
#消除${(2,15,47)(3,309,1)}
#校规${(2,9,14)(3,310,1)}
#校纪${(2,9,15)(3,311,1)}
#协调${(0,2,12)(1,2,12)(2,8,31)(3,312,1)}
#协助${(0,13,3)(2,14,23)(2,15,91)(3,313,1)}
#协作${(2,3,26)(3,314,1)}
#写${(0,14,67)(3,315,1)}
#新${(2,2,40)(2,15,8)(2,15,14)(2,15,21)(2,15,44)(2,15,51)(2,15,99)(3,316,1)}
#新闻稿${(0,3,10)(1,3,10)(3,317,1)}
#信${(0,6,11)(1,6,11)(3,318,1)}
#信息${(0,4,9)(1,4,9)(3,319,1)}
#修改${(0,5,12)(1,5,12)(3,320,1)}
#须${(2,8,46)(2,13,21)(3,321,1)}
#需${(2,21,20)(3,322,1)}
#需要${(0,5,2)(1,5,2)(2,15,82)(3,323,1)}
#选拔${(0,6,17)(1,6,17)(3,324,1)}
#选派${(2,13,23)(3,325,1)}
#选择${(2,7,5)(2,21,13)(3,326,1)}
#学会${(0,14,19)(3,327,1)}
#学期${(2,12,8)(3,328,1)}
#学习${(0,14,86)(2,2,33)(2,9,20)(2,15,20)(2,20,29)(3,329,1)}
#学校${(2,9,12)(3,330,1)}
#要${(0,14,22)(0,14,49)(2,15,5)(2,15,38)(3,331,1)}
#要求${(0,10,5)(2,9,1)(3,332,1)}
#也${(2,20,38)(3,333,1)}
#一${(0,1,1)(0,11,44)(1,1,1)(2,1,1)(2,14,21)(3,334,1)}
#一定${(2,9,29)(3,335,1)}
#一切${(0,11,63)(3,336,1)}
#以${(0,14,80)(2,2,42)(2,4,10)(2,8,9)(3,337,1)}
#以便${(2,3,15)(2,13,28)(3,338,1)}
#以及${(0,4,5)(0,12,32)(1,4,5)(3,339,1)}
#义务${(0,13,15)(3,340,1)}
#意见${(2,21,26)(3,341,1)}
#意向${(2,21,12)(3,342,1)}
#应${(2,15,68)(2,16,8)(2,17,8)(3,343,1)}
#勇于${(0,14,26)(3,344,1)}
#优势${(2,2,63)(3,345,1)}
#优先${(2,10,7)(3,346,1)}
#优秀${(2,10,5)(3,347,1)}
#有${(2,9,16)(2,9,28)(2,15,80)(3,348,1)}
#有关${(0,14,29)(3,349,1)}
#有助于${(2,2,48)(2,3,3)(3,350,1)}
#于${(0,14,24)(2,13,14)(3,351,1)}
#与${(0,10,3)(0,11,30)(0,12,76)(0,13,8)(0,13,50)(0,14,60)(2,2,64)(3,352,1)}
#予${(2,8,23)(2,8,58)(3,353,1)}
#予以${(2,17,21)(3,354,1)}
#遇到${(0,14,16)(3,355,1)}
#原${(2,9,26)(2,15,76)(3,356,1)}
#原则${(2,4,9)(3,357,1)}
#月${(2,6,2)(2,6,5)(2,6,7)(2,6,10)(3,358,1)}
#越级${(0,14,50)(3,359,1)}
#运营${(0,6,2)(1,6,2)(3,360,1)}
#在${(0,11,5)(0,12,68)(0,12,79)(2,3,16)(2,9,25)(2,15,50)(2,15,60)(2,21,21)(3,361,1)}
#暂时${(2,15,87)(3,362,1)}
#责任${(0,11,13)(0,11,24)(0,14,37)(3,363,1)}
#责任制${(0,10,2)(0,11,4)(3,364,1)}
#增强${(0,14,54)(3,365,1)}
#增设${(2,14,18)(3,366,1)}
#展示${(2,20,42)(3,367,1)}
#章程${(2,17,17)(3,368,1)}
#掌${(0,12,6)(3,369,1)}
#招募${(0,6,16)(1,6,16)(3,370,1)}
#照片${(0,3,6)(1,3,6)(3,371,1)}
#者${(2,10,6)(3,372,1)}
#这${(2,20,37)(3,373,1)}
#整个${(2,14,27)(3,374,1)}
#整理${(0,4,20)(1,4,20)(3,375,1)}
#之间${(2,2,12)(2,2,53)(3,376,1)}
#支教${(0,8,2)(1,8,2)(3,377,1)}
#值班${(0,2,18)(1,2,18)(3,378,1)}
#职能${(0,1,3)(0,11,33)(0,12,15)(0,12,85)(0,13,7)(1,1,3)(3,379,1)}
#职责${(2,3,14)(2,15,18)(3,380,1)}
#指导${(0,13,16)(0,13,25)(3,381,1)}
#至${(2,6,4)(2,6,9)(3,382,1)}
#至少${(2,14,6)(3,383,1)}
#志愿${(0,2,5)(1,2,5)(2,2,6)(2,3,52)(2,8,2)(2,8,16)(2,8,49)(2,17,27)(3,384,1)}
#志愿者${(0,4,7)(0,6,4)(0,6,7)(0,6,14)(1,4,7)(1,6,4)(1,6,7)(1,6,14)(3,385,1)}
#制定${(0,12,62)(0,14,64)(3,386,1)}
#制度${(0,5,10)(0,12,59)(1,5,10)(2,19,4)(3,387,1)}
#制度化${(0,13,56)(3,388,1)}
#中${(0,3,5)(0,11,8)(1,3,5)(2,3,21)(2,13,4)(2,16,4)(2,18,12)(3,389,1)}
#中心${(0,2,7)(0,2,21)(0,4,2)(0,4,24)(0,5,8)(0,7,2)(0,9,8)(0,11,61)(0,13,28)(0,14,76)(1,2,7)(1,2,21)(1,4,2)(1,4,24)(1,5,8)(1,7,2)(1,9,8)(2,2,8)(2,2,20)(2,2,26)(2,2,31)(2,2,50)(2,3,4)(2,3,10)(2,3,36)(2,3,54)(2,3,62)(2,8,4)(2,8,18)(2,8,51)(2,16,5)(2,17,16)(2,17,29)(2,18,1)(2,20,33)(2,20,52)(3,390,1)}
#中旬${(2,6,3)(2,6,6)(2,6,8)(2,6,11)(3,391,1)}
#重视${(0,14,57)(3,392,1)}
#周${(2,12,6)(3,393,1)}
#主持${(0,12,16)(0,12,54)(3,394,1)}
#主动${(2,15,39)(3,395,1)}
#主任${(0,11,58)(3,396,1)}
#主要${(0,11,46)(3,397,1)}
#助理${(2,14,20)(3,398,1)}
#撰写${(0,3,12)(1,3,12)(3,399,1)}
#状态${(0,14,84)(3,400,1)}
#追究${(0,11,11)(0,11,16)(3,401,1)}
#资料${(0,4,17)(1,4,17)(3,402,1)}
#资源${(0,11,64)(3,403,1)}
#自己${(2,2,71)(2,15,71)(3,404,1)}
#自觉${(2,16,9)(3,405,1)}
#自身${(2,2,61)(3,406,1)}
#自愿${(2,8,10)(3,407,1)}
#综合${(2,3,59)(2,4,5)(3,408,1)}
#总结${(0,12,47)(0,12,77)(0,14,62)(0,14,70)(3,409,1)}
#组${(0,11,41)(3,410,1)}
#组织${(0,2,20)(0,12,41)(0,13,22)(0,13,32)(0,14,4)(1,2,20)(3,411,1)}
#最${(0,14,81)(2,2,66)(2,15,28)(3,412,1)}
#遵守${(0,14,28)(2,9,11)(2,16,10)(3,413,1)}
#作用${(0,12,4)(3,414,1)}
